70,3
70,2
70,1
70,0
69,3
69,2
69,1
69,0
68,4
68,3
68,2
68,1
68,0
67,3
67,2
67,1
67,0
66,3
66,2
66,1
66,0
65,4
65,3
65,2
65,1
65,0
64,3
64,2
64,1
64,0
63,4
63,3
63,2
63,1
63,0
62,3
62,2
62,1
62,0
61,4
61,3
61,2
61,1
61,0
60,4
60,3
60,2
60,1
60,0
59,3
59,2
59,1
59,0
58,3
58,2
58,1
58,0
57,3
57,2
57,1
57,0
56,4
56,3
56,2
56,1
56,0
55,3
55,2
55,1
55,0
54,3
54,2
54,1
54,0
53,4
53,3
53,2
53,1
53,0
52,3
52,2
52,1
52,0
51,4
51,3
51,2
51,1
51,0
50,3
50,2
50,1
50,0
49,4
49,3
49,2
49,1
49,0
48,4
48,3
48,2
48,1
48,0
23,35
47,3
47,2
47,1
47,0
46,3
46,2
46,1
46,0
45,4
45,3
45,2
45,1
45,0
0,469
44,3
44,2
0,468
44,1
44,0
0,467
43,3
43,2
43,1
43,0
0,466
0,465
42,4
0,464
0,463
0,462
0,461
0,460
0,459
42,3
42,2
42,1
42,0
0,458
41,3
41,2
0,457
41,1
41,0
0,456
0,455
40,4
0,454
0,453
40,3
40,2
40,1
40,0
39,3
39,2
39,1
39,0
38,4
38,3
38,2
38,1
38,0
0,452
37,4
0,451
37,3
37,2
37,1
37,0
36,3
36,2
36,1
36,0
0,450
0,449
0,448
0,447
0,446
0,445
0,444
0,443
0,442
